image: mymap.pgm
resolution: 0.100000
origin: [-14.200000, -6.600000, 0.000000]
negate: 0
occupied_thresh: 0.65
free_thresh: 0.196


