image_width: 1280
image_height: 1024
camera_name: cam0
camera_matrix:
  rows: 3
  cols: 3
  data: [607.0180191311134, 0.0, 668.0860293070066, 0.0, 610.9221740819571, 489.401353340013, 0.0, 0.0, 1.0]
distortion_model: plumb_bob
distortion_coefficients:
  rows: 1
  cols: 4
  data: [-0.2496406973215346, 0.04384554669165017, 0.001228544112312683, -0.001924385190090411, 0.0]
rectification_matrix:
  rows: 3
  cols: 3
  data: [0.9975649437726999, -0.01067828799367568, 0.06892138362869797, 0.01074831333000497, 0.9999420270249578, -0.0006452517173048103, -0.06891049786737918, 0.001384469119471132, 0.9976218855502955]
projection_matrix:
  rows: 3
  cols: 4
  data: [493.7782460474401, 0.0, 609.2814865112305, 0.0, 0.0, 493.7782460474401, 504.702709197998, 0.0, 0.0, 0.0, 1.0, 0.0]