image_width: 1280
image_height: 1024
camera_name: cam1
camera_matrix:
  rows: 3
  cols: 3
  data: [604.5668538149317, 0.0, 604.8785456472511, 0.0, 608.1796522182779, 511.7254994033742, 0.0, 0.0, 1.0]
distortion_model: plumb_bob
distortion_coefficients:
  rows: 1
  cols: 4
  data: [-0.2522654173172426, 0.04677977747546718, 0.0009900144023780935, 0.001681849832485126, 0.0]
rectification_matrix:
  rows: 3
  cols: 3
  data: [0.99973350640929, -0.005992692595208144, -0.02229358199225326, 0.006015329673137876, 0.9999814579198091, 0.0009484858969653721, 0.02228748463845681, -0.001082336376831485, 0.9997510172920344]
projection_matrix:
  rows: 3
  cols: 4
  data: [493.7782460474401, 0.0, 609.2814865112305, -73.67041356808949, 0.0, 493.7782460474401, 504.702709197998, 0.0, 0.0, 0.0, 1.0, 0.0]

