image_width: 1280
image_height: 1024
camera_name: pg_15322783
camera_matrix:
  rows: 3
  cols: 3
  data: [612.618766, 0.000000, 687.545004, 0.000000, 616.310565, 501.954580, 0.000000, 0.000000, 1.000000]
distortion_model: plumb_bob
distortion_coefficients:
  rows: 1
  cols: 5
  data: [-0.252488, 0.045671, -0.000238, -0.003417, 0.000000]
rectification_matrix:
  rows: 3
  cols: 3
  data: [0.998225, -0.009149, 0.058853, 0.008471, 0.999895, 0.011758, -0.058954, -0.011239, 0.998197]
projection_matrix:
  rows: 3
  cols: 4
  data: [501.103269, 0.000000, 653.576756, 0.000000, 0.000000, 501.103269, 508.569324, 0.000000, 0.000000, 0.000000, 1.000000, 0.000000]
