image_width: 1280
image_height: 1024
camera_name: pg_15322809
camera_matrix:
  rows: 3
  cols: 3
  data: [616.217852, 0.000000, 590.091036, 0.000000, 620.593368, 510.841469, 0.000000, 0.000000, 1.000000]
distortion_model: plumb_bob
distortion_coefficients:
  rows: 1
  cols: 5
  data: [-0.258438, 0.049389, 0.001378, 0.003317, 0.000000]
rectification_matrix:
  rows: 3
  cols: 3
  data: [0.996201, 0.000430, -0.087081, -0.001432, 0.999933, -0.011452, 0.087070, 0.011533, 0.996135]
projection_matrix:
  rows: 3
  cols: 4
  data: [501.103269, 0.000000, 653.576756, -95.638838, 0.000000, 501.103269, 508.569324, 0.000000, 0.000000, 0.000000, 1.000000, 0.000000]
